Zona 10 (Negro)
	-0.8767636,41.6152883
        -0.8467246,41.6150313
        -0.8456517,41.652719
        -0.876114,41.652861
        -0.8764925,41.6329759
        -0.8767636,41.6152883
Zona 9 (Verde)
	-0.876313,41.632403
        -0.9078558,41.6326279
        -0.9081778,41.625682
        -0.9084568,41.6187039
        -0.908929,41.604812
        -0.877343,41.604427
        -0.8766135,41.618415
        -0.876313,41.632403
Zona 8 (Rojo)
	-0.876114,41.652861
        -0.907356,41.652861
        -0.9077132,41.6427445
        -0.9078704,41.6376862
        -0.9079274,41.6350127
        -0.9078558,41.6326279
        -0.8764632,41.632387
        -0.876114,41.652861
Zona 7 (Azul)
	-0.875256,41.676138
        -0.876114,41.652861
        -0.814687,41.652543
        -0.814344,41.676396
        -0.875256,41.676138
Zona 6 (Morado)
	-0.9416883,41.653246
        -0.94186,41.620467
        -0.9085154,41.6202738
        -0.9079896,41.6284687
        -0.9078929,41.6365353
        -0.907356,41.652861
        -0.9416883,41.653246
Zona 5 (Marrón)
	-0.941431,41.66652
        -0.96821,41.666392
        -0.96821,41.644459
        -0.941775,41.644459
        -0.941431,41.66652
Zona 4 (Rosa)
	-0.907356,41.676138
        -0.941345,41.676073
        -0.9416883,41.653246
        -0.907356,41.652861
        -0.907356,41.676138
Zona 3 (Amarillo)
	-0.907356,41.676138
        -0.907356,41.652861
        -0.876114,41.652861
        -0.875256,41.676138
        -0.907356,41.676138
Zona 2 (Verde)
	-0.875256,41.697803
        -0.875256,41.676138
        -0.847962,41.676329
        -0.84779,41.697609
        -0.875256,41.697803
Zona 1 (Naranja)
	-0.906842,41.697803
        -0.907356,41.676138
        -0.875256,41.676138
        -0.875256,41.697803
        -0.906842,41.697803
